File type = "ooTextFile"
Object class = "Harmonicity 2"

0
9.5370625
592
0.016
0.0405312499999999
1
1
1
1
1
3.0370638692024094
8.639835757437629
8.51643278734647
8.329393220554398
9.693798555780127
8.858658445686686
8.602463912023508
11.664603366758683
14.501628234408807
11.857778493176465
9.19998727538902
-200
10.326302513821
-200
14.114455236376557
12.202797550318788
-200
-200
-200
-200
-200
-200
-200
-3.075955280516939
-0.8890283210351312
3.7764130960193114
4.908070949659883
5.133060804845994
4.468629527630368
3.9995707826156495
5.461780012917198
8.322505501547438
9.514509813385622
13.07340746752909
15.442271233973543
19.82025044292419
21.600808901608495
19.424699880426978
19.855897033112026
23.12865111731439
23.224263250868123
23.401223335172524
24.92068515157236
24.10185647110129
25.0160695027701
25.80580959472448
23.389805755149872
22.739451556236375
27.822875332902356
27.909998380515315
29.526784454299147
28.263327624247342
26.27151554639262
26.73524954958905
28.64131341041743
31.440034443876257
30.887693687679825
30.947178515550778
31.418830819707587
29.708155701848668
27.918945037519688
26.068403337765993
23.13754619534556
18.35391627505658
15.041053397075501
-200
-200
-200
21.425052262184625
21.265220770234805
21.109455338825136
23.646630958686792
26.108512564074978
24.543530277140544
25.64566118424976
28.05236781402421
29.026515258345462
27.718385512763493
26.22729448605454
25.497608205126014
16.24414696327833
12.75895283678959
-200
-200
12.612963800409815
12.286541292951284
11.43265865864782
11.132753900761813
12.516711358080912
16.332223377354204
24.35333345441911
27.640774715664044
29.79222247452917
30.202277447011078
30.077989337708402
28.83485013190469
31.086733389884348
34.758857240776805
33.11748330750786
33.76314037684611
33.8787571837379
33.2238337496532
33.2061130903964
32.66472960397702
37.75300397732124
40.82041601001592
41.845974844879485
36.25543670055742
38.04611706290628
35.579880434094655
32.95094118476936
34.28439978477503
34.13227231586447
31.140202131915284
30.817279259460246
34.57292579329149
41.502403223426334
31.36620615175662
29.014057734495058
28.307397448483535
30.648309658814547
33.39260332655855
29.788159220199553
29.054747664167557
30.680595999580586
44.99828535065994
31.347830224016064
30.0961876731691
31.577534877141886
32.36236076897712
31.805630044322566
32.58921760397512
32.789328761922434
32.851522150666256
32.08279890510626
34.08365256446574
33.535102166095065
32.96191505503602
31.042735335325148
38.514018172053724
34.07102855025721
38.749655975741916
50.98064866980249
35.30297582285631
34.234465194400464
34.351359361328406
37.244908662086324
35.05836396369284
37.173318438284454
32.379304974883134
34.9199497749684
42.986067294326816
38.488222074604174
40.97025812380842
40.044018337738684
33.86455812541862
33.243906012059355
37.8904944613268
32.23293301656418
29.63781034956597
28.6664495872709
29.082373199237118
34.95394921216209
47.5767232720348
36.27807386517085
30.916165905276575
27.92023888454253
-200
-200
-200
4.945700393189596
5.062930601375716
7.970603986288576
8.292652363776973
12.219094886768431
12.999419530105545
12.872781667440066
12.654060946891168
13.135874680942567
12.500476000041495
12.563206842859003
13.896052296070451
-200
-200
5.210954904198619
2.3991837701112826
0.26327956160475935
0.6681519361157745
3.0646724609779232
5.286763818330533
7.7603699829455675
8.643914558898734
11.449646076876217
13.423021099568942
15.967788505348228
18.39941896479498
19.141345121140112
18.484099883490813
20.848569262697577
25.987984916617386
26.52792499051451
26.401341443686608
29.094665693235378
30.430109460111133
32.90179031133681
29.537599521469076
28.455023980898922
32.53127531388381
34.33716929229811
30.352375903018945
33.084987593139566
38.49247788224884
37.43268480295449
34.78295573544149
31.191983489041313
36.666229262382814
35.122521696518724
40.738954616523074
42.896963037558905
37.37897323142422
35.98765537167164
31.599003690613394
32.53898276866145
31.633297089684255
21.279374861558438
15.127048606218692
-200
-200
17.543601541106096
-200
-200
14.829435117354963
14.16069665991172
10.680668105209621
8.46317850898304
10.19632749434668
14.726609411833048
18.83267772069933
19.783566439228125
20.40955503200039
19.98721811966015
20.28203716950661
20.637175711174017
21.4277549808345
22.092214217431017
20.940893200673138
21.370201115734503
22.184605170904575
22.888566572331115
23.467887651455456
23.715822130540246
23.431633653235725
21.68930608913491
20.58643661758374
20.692576076461187
20.600931749717653
21.43051995278039
21.579341893726234
22.241138114838762
23.13579931254438
23.17493627797841
23.80904026495741
23.376242206550852
-200
22.625519453220328
22.99034755056197
22.03013677862264
22.192302361279243
22.086505944642745
-200
-200
-200
-200
-200
-200
-200
-200
-200
-200
-200
-200
-200
-200
-200
-200
-200
-200
-200
-200
-200
-200
-200
-200
-200
-200
-200
-200
-200
-200
-200
-200
-200
-200
-200
-200
-200
-200
-200
-200
-200
-200
-200
-200
15.238918984051448
10.118420592342261
-200
-200
-200
-200
-200
-200
3.4427319170955535
-1.5002956281715327
3.1163087709526227
1.421102886768727
-0.09162370977018319
0.9431423621276213
5.082268795416059
7.843001964074735
10.202505386966497
11.638133503425959
13.062539399259723
15.485308375079406
17.059322723222195
20.29418899249898
23.36426789104586
23.301734575588725
23.696547111767995
25.465226710179024
28.793725278767912
29.39389882792623
30.669775863058884
31.426073461478122
32.23723643240065
35.65077211530083
34.55300322585634
33.029400722441565
48.56073254590419
52.282459796109116
41.277823369098414
46.39798588024901
28.061430380926573
24.874616659494894
24.332720101277733
26.088496001086146
28.636156546222974
24.652549273626345
17.580724845652128
14.609256717960468
14.465754324011236
14.20594853531557
14.726609813785007
16.586972202841952
17.84977344427205
17.612017990980775
18.107144416863065
18.689321841815534
21.363982483809465
24.580100942253775
27.066201538055633
28.07294339018359
28.196342092427365
25.07425364054115
20.7381133237228
17.423013136625627
-200
13.052500237260906
17.168186618502823
23.07377897705596
28.06652891377704
30.702263718653093
33.04521709127988
32.58507658212895
29.919227474080948
30.051455195345387
29.260952452829816
25.68755703060114
25.600908546005815
29.32788761316331
32.242041171436014
32.17141745254232
32.07680125436211
30.866627843523943
28.18214958819238
28.72083597933297
30.254731324998975
29.425380966509486
27.26794739077898
26.706905807157977
28.717767407920604
29.980474315386026
30.36748169255801
27.514083943304293
25.50970298249187
27.34741143215476
31.444542358076625
33.27550995797911
38.44135217841843
31.420131071758224
28.67248425680018
25.982264488258938
27.001152460517567
28.74966453394603
28.086819996416633
29.410954481284687
32.2374814538394
32.52102432005229
33.57482030142582
33.99993892590362
32.78268588195871
33.14193693477574
40.766579330490956
32.859206513140165
33.4550474549297
33.068573323820864
33.11304920780353
31.81263182419751
34.169627108256215
32.165600946060266
32.41711404385613
33.280195893471635
34.076583142592234
34.425155165561975
33.907087791964116
33.5175620105366
34.70049098171609
33.920141254131806
47.14662305334799
31.86218871483049
32.66551880166883
33.78660281994682
34.172188268612366
34.1591387525927
33.96534769957966
34.50629780521258
35.367552851991945
34.912437524005384
34.42941520220931
34.80534163139918
34.70905280330257
37.81129623517811
35.60029178567171
35.27585504919129
42.48437749112856
39.58990316933497
37.659552411553456
35.45085821201408
36.49689320960719
35.165089001877156
33.39824748402335
28.973561682341256
28.242723620795893
29.72246932268265
33.115078640667605
-200
-200
-200
-200
-200
-200
-200
12.945183785154928
16.702694080495146
17.136108280097236
18.147872423735
18.339716534480555
18.453474621763302
19.10267220538721
19.52988021175337
20.161744998271747
21.01053463907928
21.009682385097975
20.912575283491265
21.308231483872333
20.405533889576436
20.000098926511004
19.83428981814005
18.79290497606591
18.613013985276424
-200
-200
-200
-200
7.514515428038564
3.9435535446247556
0.4671604044455366
-1.5537442268333876
-2.4207133283378792
-1.7927553118445845
3.6413831819595535
5.604187295917184
6.566672329730368
6.827681157149703
7.819517832911178
8.915119308015337
9.593856825934125
11.648982720349998
14.819524050767413
18.556903457935174
21.17770798639823
23.268342672140196
23.846385004114868
24.133812295414646
24.879873679475942
25.216002592997665
25.781763525932575
25.719633194622382
25.872939473944477
25.523537074029896
25.16176038063103
26.741991920460706
26.755933136276134
28.749668424253375
28.04174083467298
27.274247036200315
27.69022211708335
27.095863542627665
26.84356665798113
28.389038356094396
28.051724698868203
-200
-200
-200
-200
-200
9.79331834549162
11.51683742846391
16.931867845926277
21.240197743746766
21.485903314401703
21.80057487229955
-200
-200
-200
6.2208096468505625
6.716689184918415
8.553874879729051
12.94253864115304
17.398566378134067
20.28350073194952
20.746039525839684
20.15897911995343
21.070580533532222
20.08973918047402
18.847234971928618
21.080467012737024
22.407863763076172
22.90206738216696
24.443915797789817
24.660479838547644
24.577894382288562
22.01763901770748
20.256419291674863
20.8305853808182
24.010780839607477
24.66399238056438
24.29655046400701
24.771165599784368
-200
23.764883504422862
24.25608069425461
25.0198933402519
25.5734267674994
25.512780167953988
24.658172901234423
-200
-200
-200
-200
-200
-200
-200
-200
-200
-200
-200
-200
-200
-200
-200
-200
-200
